104.378
101.843
67.5733
73.7395
84.6445
65.417
65.0644
67.972
65.0175
63.6414
66.6369
66.6312
64.777
63.9269
67.5155
68.2573
65.3855
62.636
65.4475
65.3455
63.9588
63.7702
66.2448
64.3389
64.4414
67.3385
62.615
64.2431
64.7007
64.6086
100.104
100.882
103.668
101.353
100.124
96.8968
99.2093
94.7392
98.5688
111.52
96.52
91.6846
94.3397
92.12
93.2211
95.2924
98.4715
90.0983
93.2161
94.4721
90.9401
89.8804
105.549
107.157
89.8084
98.4072
104.129
95.238
89.5619
95.8312
85.7703
79.2281
74.2161
75.7511
72.7103
73.4948
72.0402
89.1523
89.1444
75.191
74.4004
73.4066
72.9955
88.7904
87.6067
93.2118
109.406
98.9261
91.623
90.978
91.9658
93.2648
89.9043
102.267
115.768
119.297
103.25
102.739
105.921
100.457
100.74
100.72
106.725
77.1912
84.6986
70.3754
65.5772
64.8168
66.1283
64.7997
