842.283
765.29
723.385
751.264
800.269
754.487
765.334
760.724
763.917
781.741
789.423
748.951
767.185
787.033
772.21
752.385
825.341
770.262
754.259
756.347
765.776
753.822
814.827
760.009
780.719
768.335
778.283
801.459
755.644
778.814
779.47
771.043
763.461
796.159
762.224
771.746
770.643
759.256
764.75
773.676
747.356
753.491
751.645
778.044
750.276
744.82
760.667
766.786
756.216
761.356
759.694
791.143
753.241
751.623
760.505
754.311
766.934
770.056
775.968
776.105
826.997
763.156
773.122
760.87
877.109
783.271
777.368
778.631
757.333
769.964
794.826
762.022
763.926
753.782
755.319
774.648
782.524
772.793
766.203
760.014
797.58
769.005
764.491
767.032
749.338
902.378
793.781
787.74
776.607
773.941
759.849
788.088
759.17
768.535
752.397
770.565
802.69
773.409
769.252
782.419
