638.291
586.303
548.992
591.143
675.281
570.145
588.073
568.373
572.592
573.293
582.045
557.683
577.521
587.567
560.99
557.068
573.795
628.087
572.055
560.505
569.206
566.178
583.136
590.502
572.044
601.488
577.44
595.394
576.455
585.484
566.598
575.204
582.861
559.779
647.648
588.916
581.33
582.418
565.602
562.171
561.905
573.843
605.988
577.906
588.625
555.989
564.08
573.208
576.535
569.002
580.621
658.651
581.856
557.933
559.963
573.211
563.858
566.042
579.551
569.058
577.287
581.706
567.512
570.923
596.203
599.727
593.21
585.356
559.775
574.449
559.615
570.068
573.072
564.703
577.232
558.793
582.96
580.554
570.115
584.972
562.126
584.851
568.844
588.737
577.323
596.743
574.189
638.204
572.054
584.943
568.402
590.249
563.022
566.835
576.829
572.199
570.066
572.692
572.737
573.948
