1849.03
1656.37
1588.73
1826.61
1878.06
1686.71
1723.1
1756.63
1667.69
1678.36
1672.51
1674.14
1693.95
1697.79
1679.61
1657.66
1803.95
1746.95
1744.46
1693.6
1756.97
1753.27
1993.93
1676.83
1728.2
1665.7
1748.51
1774.13
1756.49
1716.02
1676.86
1716.87
1611.7
1670.7
1695.41
1740.27
1812.36
1750.41
1798.41
1777.31
1598.95
1985.39
1704.09
1840.35
1644.77
1769.05
1651.66
1768.51
1653.63
1654.08
1670.41
1590.35
1742.78
1660.64
1843.64
1601.36
1658.6
1732.51
1827.71
1631.33
1751.53
1868.47
1642.54
1694.54
1923.93
1763.97
1765.21
1688.28
1719.66
1641.1
1860.8
1703.47
1677.12
1830.6
1686.96
1803.17
1696.58
1662.42
1696.92
1748.22
1737.24
1674.44
1725.45
1642.02
1857.78
1889.72
1936.87
1651.77
1699.92
1765.35
1623.02
1692.84
1782.4
1752.55
1669.32
1759.65
1713.5
1711.28
1637.6
1636.92
